# This file may be used to create an environment using:
# $ conda create --name <env> --file <this file>
# platform: win-64
# created-by: conda 25.5.1
asttokens=3.0.0=pyhd8ed1ab_1
attrs=25.3.0=pypi_0
bzip2=1.0.8=h2bbff1b_6
ca-certificates=2025.7.14=h4c7d964_0
colorama=0.4.6=pyhd8ed1ab_1
comm=0.2.2=pyhd8ed1ab_1
contourpy=1.3.0=pypi_0
cpython=3.9.23=py39hd8ed1ab_0
cycler=0.12.1=pypi_0
debugpy=1.8.15=py39h1f3cc84_0
decorator=5.2.1=pyhd8ed1ab_0
editdistance=0.8.1=pypi_0
exceptiongroup=1.3.0=pyhd8ed1ab_0
executing=2.2.0=pyhd8ed1ab_0
expat=2.7.1=h8ddb27b_0
filelock=3.13.1=pypi_0
fonttools=4.59.0=pypi_0
fsspec=2024.6.1=pypi_0
hypothesis=6.135.33=pypi_0
imageio=2.37.0=pypi_0
importlib-metadata=8.7.0=pyhe01879c_1
importlib-resources=6.5.2=pypi_0
ipykernel=6.29.5=pyh4bbf305_0
ipython=8.18.1=pyh7428d3b_3
jedi=0.19.2=pyhd8ed1ab_1
jinja2=3.1.4=pypi_0
jupyter_client=8.6.3=pyhd8ed1ab_1
jupyter_core=5.8.1=pyh5737063_0
kiwisolver=1.4.7=pypi_0
krb5=1.21.3=hdf4eb48_0
lazy-loader=0.4=pypi_0
libffi=3.4.4=hd77b12b_1
libsodium=1.0.20=hc70643c_0
markupsafe=2.1.5=pypi_0
matplotlib=3.9.4=pypi_0
matplotlib-inline=0.1.7=pyhd8ed1ab_1
mpmath=1.3.0=pypi_0
nest-asyncio=1.6.0=pyhd8ed1ab_1
networkx=3.2.1=pypi_0
numpy=2.0.2=pypi_0
opencv-python=4.12.0.88=pypi_0
openssl=3.5.1=h725018a_0
packaging=25.0=pyh29332c3_1
pandas=2.3.1=pypi_0
parso=0.8.4=pyhd8ed1ab_1
pickleshare=0.7.5=pyhd8ed1ab_1004
pillow=11.0.0=pypi_0
pip=25.1=pyhc872135_2
platformdirs=4.3.8=pyhe01879c_0
prompt-toolkit=3.0.51=pyha770c72_0
psutil=7.0.0=py39ha55e580_0
pure_eval=0.2.3=pyhd8ed1ab_1
pyctcdecode=0.5.0=pypi_0
pygments=2.19.2=pyhd8ed1ab_0
pygtrie=2.5.0=pypi_0
pyparsing=3.2.3=pypi_0
pypi-kenlm=0.1.20220713=pypi_0
python=3.9.23=h716150d_0
python-dateutil=2.9.0.post0=pyhe01879c_2
python_abi=3.9=2_cp39
pytz=2025.2=pypi_0
pywin32=311=py39h5fb4b08_0
pyzmq=27.0.0=py39h03e5c00_0
scikit-image=0.24.0=pypi_0
scipy=1.13.1=pypi_0
seaborn=0.13.2=pypi_0
setuptools=78.1.1=py39haa95532_0
six=1.17.0=pyhd8ed1ab_0
sortedcontainers=2.4.0=pypi_0
sqlite=3.50.2=hda9a48d_1
stack_data=0.6.3=pyhd8ed1ab_1
sympy=1.13.3=pypi_0
tifffile=2024.8.30=pypi_0
tk=8.6.14=h5e9d12e_1
torch=2.7.1+cu128=pypi_0
torchaudio=2.7.1+cu128=pypi_0
torchvision=0.22.1+cu128=pypi_0
tornado=6.5.1=py39ha55e580_0
traitlets=5.14.3=pyhd8ed1ab_1
typing-extensions=4.12.2=pypi_0
typing_extensions=4.14.1=pyhe01879c_0
tzdata=2025.2=pypi_0
ucrt=10.0.22621.0=haa95532_0
vc=14.3=h2df5915_10
vc14_runtime=14.44.35208=h4927774_10
vs2015_runtime=14.44.35208=ha6b5a95_10
wcwidth=0.2.13=pyhd8ed1ab_1
wheel=0.45.1=py39haa95532_0
xz=5.6.4=h4754444_1
zeromq=4.3.5=ha9f60a1_7
zipp=3.23.0=pyhd8ed1ab_0
zlib=1.2.13=h8cc25b3_1
